유치원
누리유치원
동백유치원
도래미유치원
숲유치원협회
한신유치원
구서초등학교 병설유치원
동래초등학교 병설유치원
한독유치원
트니트니유치원
선경유치원
누리마루Pet유치원
대우유치원
아람유치원
